100 109 116 118 120 
98 119 119 120 120 121 121 121 121 121 121 121 121 121 121 121 121 121 121 121 121 121 121 121 121 121 121 121 
110 117 117 121 121 121 121 121 121 121 121 121 121 121 121 121 121 121 
105 106 112 120 120 120 
113 121 121 121 121 121 121 121 121 121 121 121 121 
114 119 119 119 119 119 119 119 120 121 121 121 121 121 121 121 121 121 121 121 121 121 121 121 121 121 121 
116 121 121 121 121 121 121 121 121 121 121 121 121 121 121 121 121 121 121 121 121 121 121 121 
115 116 118 119 119 120 
116 116 120 121 121 121 121 121 121 121 121 121 
115 115 121 121 121 121 121 121 121 121 121 121 121 121 121 121 121 121 121 121 
110 114 117 117 118 120 120 120 120 121 121 121 121 121 121 121 121 121 121 121 121 121 121 121 121 121 
108 111 116 116 121 121 121 121 121 121 121 121 121 121 121 121 121 121 121 121 121 
98 105 120 121 121 121 121 121 121 121 121 121 121 121 121 121 121 121 121 121 121 121 121 121 121 121 
118 118 121 121 121 121 121 121 121 121 121 121 
119 121 121 121 121 121 121 121 121 121 121 121 121 121 121 121 121 121 121 121 121 121 121 121 121 121 121 121 121 
101 106 109 117 118 119 119 121 121 121 121 121 121 121 121 121 121 121 121 121 121 121 121 121 121 121 121 121 
106 120 120 120 121 121 121 121 121 121 121 121 121 121 121 
119 119 119 121 121 121 121 121 121 121 121 121 121 
111 112 117 118 121 121 121 121 121 121 121 121 121 121 121 121 121 121 121 121 121 121 121 121 
115 117 121 121 121 121 121 121 121 121 121 121 121 121 121 121 121 121 121 121 121 121 
114 118 121 121 121 121 121 121 121 121 121 121 121 
113 118 119 119 120 120 121 
98 
106 111 114 118 120 120 121 121 121 121 121 121 
112 116 118 120 121 121 121 121 121 121 121 121 121 121 121 121 121 121 121 
103 106 111 115 119 121 121 121 121 121 121 121 121 121 121 
107 116 117 117 117 
100 117 118 119 121 121 121 121 121 121 121 121 121 121 121 121 121 
110 115 118 121 121 121 121 121 121 121 121 121 121 121 121 121 121 
101 112 116 121 121 121 121 121 121 121 121 121 121 121 121 121 121 121 121 121 
105 
112 119 120 120 120 120 120 120 121 121 121 121 121 121 121 121 121 121 121 121 121 121 121 121 121 121 121 121 121 
104 117 118 119 119 119 121 121 121 121 121 121 121 121 121 121 121 121 121 121 121 121 121 121 121 121 121 121 
116 121 121 121 121 121 121 121 121 121 121 121 121 121 121 121 121 121 121 121 121 121 
107 110 116 118 119 120 121 121 121 121 121 121 121 121 121 121 121 
100 102 104 107 116 120 120 120 120 121 121 121 121 121 121 121 121 121 121 121 121 
106 121 121 121 121 121 121 121 121 121 
109 115 115 118 121 121 121 121 121 121 121 121 121 121 121 121 121 121 121 121 121 121 121 121 
103 116 119 121 121 121 121 121 
119 121 121 121 121 121 121 121 121 121 121 121 121 121 121 121 121 121 121 
97 120 120 120 121 121 121 121 121 121 121 121 121 121 121 121 121 121 121 121 121 121 121 121 121 121 121 121 121 
102 115 115 121 121 121 121 121 121 121 121 121 
108 110 
105 109 118 119 120 121 121 121 121 121 121 121 121 121 121 121 121 121 121 121 121 
117 
114 117 119 120 121 121 121 121 121 121 121 121 121 
100 115 120 121 121 121 121 121 121 121 121 121 121 121 121 121 
97 99 117 119 120 121 121 121 121 121 121 121 121 121 121 121 121 121 121 121 121 121 121 121 121 121 
109 114 121 121 121 121 121 121 121 121 121 121 121 121 
114 118 121 121 121 121 121 121 121 121 121 121 121 121 121 121 121 121 121 121 121 121 121 
106 
100 111 111 114 117 118 121 121 121 
106 111 115 116 120 120 120 120 121 121 121 121 121 121 121 
107 119 121 121 121 121 121 121 121 121 121 121 121 121 121 121 121 121 121 121 121 121 121 121 
103 114 120 120 121 121 121 121 121 121 121 121 121 121 121 121 121 121 
104 121 121 121 121 121 121 121 121 121 121 121 121 121 121 121 
115 119 119 119 121 
116 117 117 120 121 121 121 121 121 121 121 121 121 121 121 121 121 121 
117 121 121 121 121 121 121 121 121 
120 121 121 121 121 121 121 121 121 121 121 121 121 121 121 121 
116 121 121 121 121 121 121 121 121 121 121 121 121 121 
112 116 116 120 
111 113 117 117 121 121 121 121 121 121 121 121 121 121 121 121 121 121 121 121 121 121 121 121 
111 111 120 
107 110 115 118 118 118 118 118 119 121 121 121 121 
106 107 107 121 121 121 121 121 121 121 121 121 121 121 
103 108 119 
118 120 121 121 121 121 121 121 121 121 121 121 121 121 121 121 121 121 121 121 121 121 121 121 121 121 121 121 121 
119 119 120 121 121 121 121 121 121 121 121 121 121 121 121 121 121 
106 107 109 112 121 121 121 121 121 121 
119 120 120 121 121 121 121 121 121 121 121 121 121 121 121 121 121 
100 106 114 115 119 119 119 119 
118 120 121 121 121 121 121 121 121 121 121 121 121 121 121 121 121 121 121 121 121 121 121 121 
101 112 115 120 120 
118 120 121 121 121 121 121 121 121 121 121 121 121 121 121 121 121 121 121 121 121 121 121 121 121 121 121 121 
99 121 121 121 
120 120 120 120 121 121 121 121 121 
103 120 120 120 121 121 
119 120 121 121 121 121 121 121 121 121 121 121 121 121 121 121 121 121 121 121 
105 106 106 116 117 121 121 121 121 121 
97 118 121 121 121 121 121 121 121 121 121 121 121 121 121 121 121 121 121 121 121 121 121 121 121 121 121 
116 117 121 121 121 121 121 121 121 121 121 121 121 121 121 121 
102 119 121 121 121 121 121 121 
112 114 119 121 121 121 121 121 121 121 121 121 121 121 121 121 121 121 121 121 121 121 121 
117 120 121 121 121 121 121 121 121 121 121 121 121 121 121 121 121 121 121 121 121 121 
110 116 121 121 121 121 121 121 121 121 121 121 121 121 121 121 121 121 121 121 121 121 121 
120 120 121 121 121 121 121 121 121 121 121 121 121 121 121 121 121 121 121 121 121 121 121 121 121 121 121 121 121 
104 112 121 121 121 121 121 121 121 121 121 121 121 121 121 121 121 121 121 121 121 121 
115 115 119 120 121 121 121 121 121 121 121 121 121 121 121 121 121 121 121 121 121 121 121 121 121 121 121 
106 116 121 121 121 121 121 121 121 121 121 121 121 121 121 121 121 121 121 121 121 121 
115 
100 120 120 120 120 120 121 121 121 
121 121 121 121 121 121 121 121 121 121 121 121 121 121 121 121 121 121 121 121 121 121 121 121 121 121 121 121 121 
116 119 119 119 120 120 121 121 121 121 121 121 121 121 121 121 121 121 121 121 121 121 121 121 121 
113 116 121 121 121 121 121 121 121 121 121 121 121 121 121 121 121 121 121 
100 118 118 120 121 121 121 121 
107 116 121 121 121 121 121 121 121 
112 120 121 121 121 121 121 
114 116 117 118 119 121 121 121 121 121 121 121 121 121 121 121 121 121 121 121 121 121 121 121 121 
119 
101 118 118 119 121 121 121 121 121 121 121 121 
113 121 121 121 121 121 121 121 121 121 121 121 121 121 121 121 121 121 121 121 121 121 121 
97 109 121 121 121 121 121 121 121 121 121 121 121 121 121 121 121 121 121 121 121 121 121 121 121 121 121 121 121 
107 116 121 121 121 121 121 121 121 121 121 121 121 121 121 121 121 121 121 121 121 121 121 121 121 121 
108 
102 106 115 116 120 121 121 121 121 121 121 121 121 121 121 121 121 121 121 121 
107 110 121 121 121 121 121 121 121 121 121 121 121 121 121 121 121 121 121 121 121 121 121 121 121 121 121 121 
115 116 119 121 121 121 121 121 121 121 121 121 
119 120 121 121 121 121 121 121 121 121 121 121 121 121 121 121 121 121 121 121 121 121 121 121 121 121 121 
97 107 120 121 121 121 121 121 121 121 121 121 121 121 121 121 121 121 121 121 121 121 121 121 
105 114 116 118 120 121 121 121 121 121 121 121 121 121 121 121 121 121 121 121 121 121 121 
105 114 120 120 121 121 121 121 121 121 121 121 121 121 121 121 121 121 121 121 121 121 121 121 121 
110 116 117 121 121 
117 120 
115 120 120 121 121 121 121 
102 119 119 120 121 121 121 121 121 121 121 121 121 121 121 121 121 121 121 121 121 121 121 121 121 121 121 
102 103 120 121 121 121 121 121 121 121 121 121 121 121 121 121 121 121 121 121 
107 109 116 117 121 
119 120 120 121 121 
119 120 
106 121 121 121 121 121 121 121 121 121 121 121 121 121 121 121 121 121 121 121 121 
102 110 111 111 119 121 121 121 121 
99 106 117 118 119 119 120 120 121 121 121 121 121 
101 117 117 117 117 121 121 121 121 121 121 121 121 121 121 121 121 121 121 121 
120 121 121 121 121 121 121 121 121 121 121 121 
107 109 114 116 116 119 120 121 121 121 121 121 121 121 121 121 
105 109 111 111 111 115 121 121 121 121 121 121 121 121 121 121 
116 117 121 121 121 121 121 121 121 121 121 
103 113 113 116 120 120 120 120 120 120 120 120 120 120 120 120 120 120 120 121 121 121 121 
110 114 115 115 115 120 120 120 120 120 121 121 121 121 121 121 121 121 
115 121 121 121 121 121 121 121 121 121 121 121 121 121 121 121 121 121 121 121 121 121 121 121 121 121 121 121 
114 117 118 119 121 121 121 121 121 121 121 121 121 121 121 121 121 121 
99 105 113 114 118 118 120 121 121 121 121 121 121 121 121 121 121 121 121 121 121 121 121 121 121 121 121 121 
120 120 120 121 121 121 121 121 121 121 121 121 121 121 121 121 121 121 121 121 121 121 121 
114 114 117 117 121 121 121 121 121 121 121 121 121 121 121 121 121 121 121 121 121 121 121 121 121 121 121 121 121 
113 117 117 117 117 117 117 121 121 121 121 121 121 121 121 121 121 
112 113 121 121 121 121 121 121 121 121 121 121 121 121 121 
106 107 116 117 118 118 119 121 121 121 121 121 121 121 121 121 121 121 121 121 121 
121 121 121 121 121 121 121 121 121 121 121 121 121 121 121 121 121 121 121 121 121 
112 116 119 119 120 120 121 121 121 121 121 121 121 121 121 121 121 121 121 121 121 121 121 
98 113 114 118 121 121 121 121 121 121 121 121 121 121 121 121 
113 117 121 121 
104 111 121 121 121 121 121 121 121 121 121 121 121 121 121 
120 120 121 121 121 121 121 121 121 121 121 121 121 121 121 121 121 121 121 121 121 121 121 121 121 121 121 121 121 
113 115 118 119 120 120 120 121 121 121 121 121 121 121 121 121 
102 108 113 120 120 121 121 121 121 121 121 
103 119 119 121 121 121 121 121 121 121 121 121 121 121 121 121 121 121 121 121 121 121 121 121 121 121 121 121 
109 113 115 116 116 120 120 120 120 121 121 121 121 121 121 121 121 121 121 121 121 121 121 121 121 121 121 121 
111 113 115 118 119 
119 120 120 120 121 121 121 121 121 121 
112 114 114 121 121 121 121 121 121 121 121 121 121 121 121 121 121 121 121 121 121 121 
106 111 113 121 121 121 121 121 121 121 
99 102 103 120 121 
103 118 118 121 121 121 121 121 121 121 121 121 121 121 121 121 121 121 121 121 121 121 121 121 121 121 121 
111 117 120 121 121 121 121 121 121 121 121 121 121 
118 121 121 121 121 121 121 121 
106 112 120 121 121 121 121 121 121 121 121 121 
112 114 120 120 120 121 121 121 121 121 121 121 121 121 
117 117 119 119 119 119 120 120 121 121 121 121 121 121 121 121 
112 118 119 121 121 121 121 121 121 121 121 121 121 121 121 121 121 121 121 121 121 
115 118 120 121 121 121 121 121 
115 121 121 121 121 121 121 121 121 121 121 121 121 121 121 121 121 121 121 
106 108 110 118 121 
103 117 120 120 120 120 120 121 121 
98 108 110 121 121 121 121 121 121 121 121 121 121 121 121 121 121 121 
100 111 117 118 121 121 121 121 121 121 121 121 121 121 121 121 121 121 121 121 121 121 121 
118 119 119 
116 121 121 121 121 121 121 121 121 121 121 121 121 121 121 121 121 121 121 121 121 121 121 121 121 121 
119 120 120 121 121 121 121 121 121 121 121 121 121 121 121 121 121 121 121 121 121 121 121 121 121 121 121 121 121 
109 114 114 116 116 116 119 
106 
109 120 121 121 121 121 121 121 121 121 121 121 
112 
109 110 121 121 121 121 121 121 121 121 
102 119 121 121 121 121 121 121 121 121 
110 118 119 121 121 121 121 121 121 121 121 121 121 121 121 121 121 121 121 121 121 121 121 
110 121 121 121 121 121 121 121 121 121 121 121 
111 114 114 117 118 120 120 120 
119 119 120 120 121 121 121 121 121 121 
100 101 112 114 121 
111 115 118 119 121 121 
107 107 
97 117 121 121 121 121 121 121 121 121 
108 112 117 121 121 121 121 121 121 121 121 121 121 121 121 121 
115 118 119 120 121 121 121 121 121 121 121 121 121 121 121 121 121 121 121 121 
97 107 117 118 119 121 121 121 121 121 121 121 121 121 121 121 121 121 121 121 121 
115 118 119 121 121 121 121 121 121 121 121 121 121 121 121 121 121 121 121 121 121 121 121 121 121 121 121 
110 116 119 119 120 120 
120 120 120 120 120 121 121 121 121 121 121 121 121 121 121 121 121 121 121 121 121 121 121 121 121 121 121 
118 118 118 120 120 120 120 120 120 121 121 121 121 121 121 121 121 121 121 121 121 121 121 121 121 121 121 121 121 
111 114 119 120 120 120 121 121 121 121 121 121 121 121 121 121 121 121 121 121 121 121 121 121 121 121 121 
107 116 116 
102 104 111 115 118 119 121 121 121 121 121 121 121 121 121 121 121 121 
113 120 120 120 120 120 
102 113 120 121 121 121 121 121 121 121 121 121 121 
111 121 121 121 121 121 121 121 121 121 121 121 121 121 121 121 121 121 121 121 
105 117 119 121 121 121 121 121 121 121 121 121 121 121 121 121 121 121 121 121 121 121 121 121 121 121 121 121 
108 118 118 120 121 121 121 121 121 121 121 121 121 121 121 121 121 121 121 
105 112 116 117 118 119 121 121 121 121 121 121 121 121 121 121 
112 120 121 121 121 121 121 121 121 121 121 121 121 121 
114 115 116 121 121 121 121 121 121 121 121 121 121 
105 113 121 121 121 121 121 121 121 121 121 121 121 121 121 121 
107 117 121 121 121 121 121 
117 117 118 118 121 121 121 121 121 121 121 121 121 121 121 
115 119 119 119 119 120 120 120 121 121 121 
110 111 117 120 121 121 121 121 121 
111 114 115 115 117 118 119 119 120 120 121 121 121 121 121 121 121 121 121 121 121 
99 116 116 120 120 121 121 121 121 121 121 121 121 121 121 121 121 121 121 
108 117 118 120 120 120 121 121 121 121 121 121 121 121 121 121 121 121 121 121 121 121 121 
120 120 
108 121 121 121 121 121 121 121 121 121 121 121 121 121 121 121 121 121 121 121 121 121 121 121 121 121 121 121 
106 120 120 
105 115 120 120 121 121 121 121 
100 117 117 
113 115 120 120 121 121 121 
115 116 120 121 121 121 121 121 121 121 121 121 121 121 121 121 121 121 121 121 121 121 121 121 121 121 121 
121 121 121 121 121 121 121 121 121 121 121 
113 119 120 120 120 120 121 121 121 121 121 121 121 121 121 121 121 121 121 121 121 121 121 
101 119 120 120 120 121 121 121 121 121 121 121 121 121 121 121 121 121 121 121 121 
106 115 119 119 
112 117 117 
104 114 120 120 120 121 121 121 121 121 121 121 121 121 121 121 
113 118 118 118 118 121 121 121 121 121 121 121 121 121 121 121 121 121 
115 118 119 120 120 121 121 121 121 121 121 121 121 121 121 121 121 121 121 121 121 121 121 121 121 121 121 
103 115 115 121 121 121 121 121 121 121 121 121 121 121 121 121 121 121 121 121 121 121 
98 
105 115 116 118 119 119 121 121 121 121 121 121 121 121 121 121 121 121 121 121 121 121 121 
111 116 121 121 121 121 121 121 121 121 121 121 121 121 121 121 121 121 121 121 121 121 121 121 121 121 
120 120 121 121 121 121 121 121 121 121 121 121 121 121 121 121 121 121 121 121 
109 110 113 115 120 120 121 121 121 
121 121 121 
108 113 120 121 121 121 121 121 121 121 121 121 121 121 121 121 121 121 121 121 121 
97 115 120 120 120 120 120 121 121 121 121 121 121 121 121 121 121 121 
111 112 119 119 119 119 119 121 121 121 121 121 121 121 121 121 121 121 121 121 121 121 121 
116 116 119 120 121 121 121 121 121 121 121 121 121 121 121 121 121 121 121 121 121 121 121 121 121 121 121 121 
105 121 121 121 121 121 121 
111 111 115 117 121 
109 110 112 118 121 
97 103 114 114 116 119 120 121 121 121 121 121 121 121 121 121 121 121 121 121 121 
115 118 121 121 121 121 121 121 121 121 121 121 121 121 121 121 121 121 121 121 121 121 121 121 121 
102 104 111 114 115 116 116 120 
104 120 121 121 121 121 121 121 121 121 121 121 
98 
103 105 109 118 121 121 121 121 121 121 121 121 121 121 121 121 121 121 121 121 
108 120 121 121 121 121 121 121 121 121 121 121 121 121 121 121 121 121 121 121 
111 118 118 121 121 121 121 121 121 121 121 121 121 121 121 121 121 121 121 121 121 121 121 121 121 
112 120 120 120 121 121 121 
102 114 116 116 119 120 
97 118 119 121 121 121 121 121 121 121 121 121 121 121 121 121 121 121 121 121 121 
116 119 121 121 121 121 121 121 
112 113 121 121 121 121 121 121 121 121 121 121 121 121 121 121 121 121 121 121 121 121 121 121 
110 120 120 121 121 121 121 121 121 
100 111 121 121 121 121 121 121 121 121 121 121 121 121 121 121 121 121 121 121 
106 110 121 121 121 121 121 121 121 121 121 121 121 121 121 121 121 121 121 121 121 
120 121 121 121 121 121 121 121 121 121 121 121 121 121 121 121 121 121 121 121 121 121 121 121 121 121 121 121 121 
112 117 117 118 119 119 120 120 
100 102 120 
114 121 121 121 121 121 121 
110 113 118 119 120 121 121 121 121 121 121 121 121 121 121 121 
106 120 120 121 121 121 121 121 121 121 121 121 121 121 121 121 121 121 121 121 121 121 121 121 121 
114 114 115 117 121 121 121 
118 118 118 119 120 120 120 121 121 121 121 121 121 121 121 121 121 121 121 121 121 
116 119 121 121 121 121 121 121 121 121 121 121 
105 109 118 118 119 121 121 121 121 121 121 121 121 121 121 121 121 121 121 121 121 121 
113 116 120 121 121 121 121 121 121 121 121 121 121 121 121 121 121 121 121 121 121 121 121 
110 119 121 121 121 121 121 121 121 121 121 121 121 121 121 121 121 121 121 121 121 121 121 121 121 121 121 
111 116 120 120 120 121 121 121 121 
120 120 120 121 121 121 121 121 121 121 121 121 121 121 
115 120 121 121 121 121 121 121 121 121 121 121 121 121 121 121 121 
114 116 116 121 121 121 121 121 121 121 121 121 121 121 121 121 121 121 121 121 121 121 121 121 121 
109 113 115 120 121 121 121 121 121 121 121 121 121 121 121 121 121 121 121 121 121 121 121 121 121 121 121 
101 113 121 121 121 121 121 121 121 121 
119 119 120 120 121 121 121 121 121 121 121 121 121 121 121 121 121 121 121 121 121 121 121 121 121 121 121 
119 121 121 121 121 121 121 121 121 121 121 121 121 121 121 121 121 121 121 
103 120 121 121 121 121 121 121 121 121 121 121 121 121 121 121 121 
113 114 117 121 121 121 121 121 121 121 121 121 
110 112 114 116 119 119 120 121 121 121 121 
111 119 119 120 120 121 121 121 121 121 121 121 121 121 121 121 121 121 121 121 121 121 121 121 121 121 121 
115 119 119 120 120 120 121 121 121 121 121 121 121 121 121 121 121 121 121 121 121 121 121 
103 113 120 121 121 
116 119 120 121 121 121 121 121 121 121 121 121 121 121 121 121 121 121 121 121 121 121 
99 118 
112 119 119 119 121 121 121 121 121 121 
103 118 120 120 
104 104 108 117 119 120 120 120 121 121 121 121 121 121 121 121 121 121 121 121 121 121 121 121 
97 99 117 118 119 119 119 120 121 121 121 121 121 121 121 121 121 121 121 121 121 121 121 121 
106 110 114 117 118 119 120 121 121 121 121 121 121 121 121 121 121 121 121 121 
100 115 117 118 121 121 121 121 121 121 121 121 121 121 121 121 121 121 121 121 121 
110 118 119 120 120 121 121 
117 120 121 121 121 121 121 121 121 121 
111 111 116 116 120 121 121 121 121 121 121 121 121 121 121 121 121 121 121 121 121 121 121 121 121 
108 121 121 121 121 121 121 121 121 121 121 121 121 121 121 121 121 121 121 121 121 121 121 121 121 121 121 121 121 
117 119 120 120 121 121 121 121 121 121 121 121 121 121 121 121 121 121 121 121 121 121 
115 115 115 118 121 121 121 121 121 121 121 121 121 121 121 121 121 121 121 121 121 121 121 121 121 
117 118 120 121 121 121 121 121 121 121 121 121 121 121 121 121 
114 115 115 119 120 120 120 120 120 120 120 121 121 121 121 121 121 121 121 121 121 
109 114 115 116 119 120 120 121 121 121 121 121 121 121 121 121 121 121 121 
98 117 121 121 121 121 121 121 121 121 121 121 
97 118 121 121 121 121 121 121 121 121 121 121 121 121 121 121 121 121 121 121 121 121 121 121 121 121 121 121 
118 119 120 121 121 121 121 
102 111 121 121 121 121 121 121 121 121 121 121 121 121 121 121 121 121 121 121 
116 117 121 121 121 121 121 121 121 121 121 121 121 121 121 121 121 121 121 121 121 121 121 121 121 
98 111 111 119 119 119 119 121 121 121 121 121 121 121 121 121 121 121 121 121 121 121 121 121 
117 118 119 120 120 121 121 121 121 121 121 121 121 121 121 121 121 121 121 121 121 
104 115 119 119 121 
113 116 116 120 120 121 121 121 121 121 121 121 121 121 121 121 121 121 121 121 121 121 121 121 121 121 
98 103 116 121 
107 115 120 120 120 121 121 121 121 121 121 121 121 121 121 121 121 121 121 121 121 121 121 121 
106 109 119 119 120 120 121 121 121 121 121 121 121 121 121 121 121 121 121 121 121 121 121 121 121 121 121 121 121 
107 117 120 120 121 121 121 121 121 121 121 121 121 121 121 121 121 121 121 121 121 121 121 121 121 121 121 121 121 
118 118 119 120 
114 118 120 120 121 121 121 121 121 121 121 121 121 121 121 121 121 121 121 121 121 121 121 121 121 121 121 121 
106 114 118 119 120 121 121 121 121 121 121 121 121 121 
101 101 108 118 121 121 121 121 121 121 121 121 121 121 121 121 121 121 121 121 121 121 
97 103 120 120 121 121 
103 114 118 121 121 121 121 121 121 121 121 121 121 121 121 121 121 
113 121 121 121 121 121 121 121 121 121 121 121 121 121 121 121 121 121 121 
99 102 104 105 110 111 111 115 118 119 119 119 
111 118 119 
99 110 117 120 120 120 121 121 121 121 121 121 121 121 121 121 121 121 121 121 121 121 121 121 121 
111 121 121 121 121 121 121 121 121 121 121 121 121 121 121 121 
112 117 120 120 120 120 121 
110 111 114 121 121 
117 117 118 
110 112 121 121 121 
107 121 121 121 121 121 121 121 
117 119 121 121 121 121 121 121 121 121 121 121 121 121 121 121 121 121 121 
114 114 114 114 119 121 121 121 121 121 121 121 121 121 121 121 121 121 121 121 121 121 121 121 
116 117 121 121 121 121 121 121 121 121 121 121 121 121 121 121 121 121 121 121 121 
98 114 114 120 121 121 121 121 121 121 121 121 121 121 121 121 121 121 121 121 121 
98 
112 119 121 121 121 
102 115 121 121 121 121 121 121 121 121 
117 117 119 120 120 121 121 121 121 121 121 121 121 
117 119 119 119 121 121 121 121 121 121 121 121 121 121 121 121 121 121 121 121 121 121 
118 120 120 120 121 121 121 121 121 121 121 121 121 121 121 121 121 121 121 121 121 121 121 121 121 121 121 121 121 
110 119 121 121 121 121 121 121 121 121 121 121 121 121 121 121 121 
114 114 121 121 121 121 121 121 121 121 121 121 121 121 121 121 121 121 121 
119 120 120 121 121 121 121 121 121 121 121 121 121 121 121 121 121 121 121 121 121 121 121 121 121 121 121 121 
98 112 114 119 119 120 120 121 121 121 121 121 121 121 121 121 121 121 121 
111 118 119 121 121 121 121 121 121 121 121 121 121 121 121 121 121 121 121 121 121 121 121 121 121 121 121 
108 121 121 121 121 121 121 121 121 121 
111 116 
110 119 121 121 121 121 121 121 121 121 121 121 121 121 121 121 121 121 121 121 121 121 121 
110 115 118 119 119 121 121 121 121 121 121 121 121 121 
109 120 121 121 121 121 121 121 121 
116 120 121 121 121 121 121 121 121 121 121 121 121 121 121 121 121 121 121 121 121 121 121 121 121 
115 118 118 121 121 121 121 121 121 121 121 121 121 121 121 121 121 121 121 121 121 121 121 121 121 
115 118 121 121 121 
118 119 119 120 121 121 121 121 121 121 121 121 121 121 121 121 121 121 
116 120 120 120 121 121 121 121 121 
117 117 119 121 121 121 121 121 121 121 121 
119 120 121 121 121 121 121 121 121 121 121 121 121 121 121 121 121 121 121 121 121 121 121 121 
113 113 118 118 121 121 121 
114 118 119 121 121 121 121 121 121 121 121 121 121 121 121 121 121 121 121 121 121 121 121 121 121 121 121 
119 121 121 121 121 121 121 121 121 121 121 121 121 121 121 121 121 121 121 121 121 121 121 121 
112 119 119 119 120 120 121 121 121 121 121 121 121 121 121 121 121 121 121 121 121 121 
118 119 120 121 121 
97 111 112 119 119 
116 116 120 121 121 121 121 121 121 121 
97 119 120 120 121 121 121 121 121 121 121 121 121 121 121 121 121 121 121 121 121 121 121 121 
119 119 119 121 121 121 121 121 121 121 121 121 121 121 121 121 121 121 121 
99 121 121 121 121 121 121 121 121 121 121 121 121 121 121 121 121 121 121 121 121 
120 121 
101 107 119 121 121 121 121 121 121 121 121 121 121 121 121 121 121 121 121 121 121 121 121 121 121 121 121 121 121 
98 108 113 119 119 121 121 121 121 121 121 121 121 121 121 
104 113 117 117 119 120 121 121 121 121 121 121 121 121 121 121 
121 121 121 121 121 
111 113 114 121 121 121 121 121 121 121 121 121 121 121 121 121 121 
105 121 121 121 121 121 121 121 121 121 121 121 121 121 121 121 121 121 121 121 121 121 
102 119 120 120 121 121 121 121 121 121 121 121 121 121 121 121 121 121 121 121 121 121 121 121 121 121 
106 
107 110 113 118 119 120 120 121 121 121 121 121 121 
120 120 
114 114 119 119 120 120 120 120 121 121 121 121 121 121 121 121 121 121 121 121 121 121 121 121 
105 112 118 118 118 118 119 119 
118 120 120 120 120 121 121 121 121 121 121 121 121 121 121 121 121 121 
110 120 120 121 121 121 121 121 121 121 121 121 121 121 
113 121 121 121 121 121 121 121 121 121 121 121 121 121 121 121 121 121 121 121 121 121 121 121 121 121 121 121 121 
99 103 103 113 119 119 120 121 121 121 121 121 121 121 121 121 121 121 121 121 121 121 121 121 121 
115 116 118 120 121 121 121 121 
109 121 121 121 121 121 121 121 121 121 121 121 121 121 121 121 121 121 121 121 121 121 121 121 121 121 121 
117 118 121 121 121 121 121 121 121 121 121 121 121 121 121 121 121 121 121 121 121 121 121 121 121 121 
99 110 112 112 115 
117 118 120 
99 113 116 119 120 120 120 121 121 121 121 121 121 121 121 121 121 121 121 
116 121 121 121 121 121 121 121 121 121 121 121 121 121 121 121 121 121 121 121 121 
116 121 121 121 
111 115 121 121 121 121 121 121 121 121 121 121 121 121 121 121 121 121 121 121 121 121 121 121 121 121 121 121 121 
105 121 121 121 121 121 121 
108 109 109 110 115 120 120 121 121 121 121 121 121 121 121 121 121 121 121 121 121 121 121 121 121 121 121 121 121 
106 119 119 119 120 
108 110 114 120 121 121 121 121 121 121 121 121 121 121 121 121 121 121 121 121 121 121 121 121 121 121 121 121 121 
114 117 117 118 121 121 121 121 121 121 121 121 121 121 121 121 121 
119 121 121 121 
120 121 121 121 121 121 121 121 121 121 121 121 121 121 121 121 121 121 121 121 121 121 121 121 121 121 
119 120 120 
116 118 121 121 121 121 121 121 121 121 121 121 121 121 121 121 121 121 121 121 121 121 121 121 121 121 
111 118 121 121 121 121 121 121 121 121 121 121 121 121 121 121 121 121 121 121 121 
117 120 120 120 121 
120 120 120 121 121 121 121 121 121 121 121 121 121 121 121 121 121 121 121 121 121 121 121 121 121 121 121 
111 116 117 118 119 119 121 121 121 121 121 121 121 121 121 121 
117 121 121 121 121 121 121 121 121 121 121 121 121 121 121 121 121 121 121 121 121 121 121 121 121 
115 117 120 121 121 121 121 121 121 121 121 121 121 121 121 121 121 121 121 121 121 121 121 
113 117 118 120 121 121 121 121 121 121 121 121 121 121 121 121 
113 115 116 117 121 
104 119 120 120 120 120 121 121 121 121 121 121 121 121 121 121 
111 116 120 121 121 121 121 121 121 121 121 
107 108 109 111 119 119 120 121 121 121 121 121 121 121 121 121 121 
121 121 121 121 121 121 121 121 121 121 121 121 
114 120 120 120 121 121 121 121 121 121 121 121 121 121 121 121 121 121 121 121 121 
116 116 119 120 120 121 
113 113 116 120 121 121 121 121 121 121 121 121 121 121 121 121 121 121 121 121 121 121 121 121 121 
107 109 120 120 120 120 121 121 121 121 121 121 121 121 
104 121 121 121 121 121 121 121 121 121 121 
102 106 109 116 116 116 121 
101 118 118 121 121 121 121 121 121 121 121 121 121 121 121 121 121 121 121 121 121 
106 107 107 112 115 121 121 121 121 121 121 121 121 121 121 121 
106 113 116 121 121 121 121 121 121 121 121 121 121 121 121 121 121 121 121 121 121 
110 121 121 121 121 121 121 121 121 121 121 121 121 121 121 121 121 
101 119 120 120 
102 104 121 121 121 121 121 
101 101 117 117 121 121 121 121 121 121 121 121 121 
117 120 120 120 120 120 121 121 121 
99 112 119 120 121 
120 121 121 121 121 121 121 121 121 121 121 121 121 121 
103 118 120 120 120 121 121 121 121 121 121 
118 118 119 120 121 121 121 121 121 121 121 121 121 121 121 121 121 121 121 121 
109 109 
101 119 119 120 120 120 121 121 121 121 121 121 121 121 121 121 
98 119 119 121 121 121 121 121 121 121 121 121 121 121 121 121 121 121 121 121 121 121 121 121 121 121 121 121 121 
104 109 114 121 121 121 121 121 121 121 121 
116 119 119 119 121 121 121 
114 117 118 
107 113 
99 113 114 
103 120 121 121 121 121 121 121 121 121 121 121 121 121 121 121 121 121 121 121 
113 121 121 121 121 121 121 121 121 121 
105 107 117 119 120 121 121 121 121 121 121 121 121 121 
107 112 120 121 121 121 121 121 121 121 121 121 121 121 121 121 121 121 121 121 121 121 121 121 121 121 121 
103 115 116 119 121 121 121 121 121 121 121 121 121 121 121 121 121 121 121 
103 121 121 121 121 121 
115 120 121 121 121 121 121 121 121 121 121 121 121 
106 119 121 121 121 121 121 121 121 121 121 121 121 121 121 121 121 121 121 121 121 121 
114 121 121 121 
119 119 120 
107 111 114 121 121 121 121 121 121 121 121 121 121 121 121 121 121 121 
110 117 121 121 121 121 121 121 121 121 121 
111 112 112 117 121 121 121 121 121 121 121 121 121 121 121 121 121 121 121 121 121 121 121 121 121 121 121 121 
112 116 120 121 121 121 121 121 121 121 121 121 121 121 121 121 121 121 121 121 121 121 121 
118 121 121 121 121 121 121 121 121 121 121 121 121 121 
99 113 116 121 121 
118 119 120 120 121 121 121 121 121 121 121 121 121 121 121 121 121 121 121 121 121 121 121 121 
118 
120 121 121 121 121 121 121 121 121 121 121 121 121 121 121 121 
108 113 117 121 121 121 121 121 121 121 121 121 121 121 121 121 121 121 121 121 121 121 
107 111 114 120 121 121 121 121 121 121 121 121 121 121 121 121 121 121 121 121 121 121 121 121 121 
115 115 116 121 121 121 121 121 121 121 121 121 121 121 121 121 121 121 
117 118 121 121 121 121 121 121 121 121 121 121 121 121 121 121 121 121 121 
121 121 121 121 121 121 121 121 121 121 121 121 121 121 121 121 
111 113 119 119 119 121 121 121 
120 120 121 121 121 121 121 121 121 121 121 121 121 121 121 121 121 121 121 121 121 121 121 121 121 121 
109 110 117 120 120 
108 108 119 120 121 121 121 121 121 121 121 121 121 121 121 
100 101 109 115 119 121 121 121 121 121 121 121 121 121 121 121 121 121 121 121 121 121 121 121 121 121 121 
116 118 118 119 119 119 121 121 121 121 
100 106 109 121 121 121 121 
98 114 114 115 116 118 121 121 121 121 121 121 121 121 121 121 121 121 121 121 121 121 121 121 121 
105 111 116 118 119 120 121 121 121 121 121 121 121 121 121 121 121 121 121 121 121 121 
100 109 115 118 118 119 119 120 120 120 120 120 121 121 121 121 
118 119 120 120 121 121 121 121 121 121 121 
102 102 119 119 120 120 120 120 121 121 121 121 121 121 121 121 121 121 121 121 121 121 121 121 121 121 
105 113 113 117 120 121 121 121 121 
115 117 121 121 121 121 121 121 121 121 121 121 121 121 121 
118 118 120 121 121 121 121 121 121 
112 120 121 121 121 121 121 121 121 121 121 121 121 121 121 121 121 121 
112 115 120 120 121 121 121 121 121 121 121 121 121 121 121 121 121 121 121 121 121 121 121 121 121 
110 114 117 
119 119 119 119 121 121 121 121 121 121 121 121 121 121 121 121 121 
100 104 110 114 115 119 121 121 121 121 121 121 121 121 
107 114 119 120 121 121 121 121 121 121 121 121 121 121 121 121 121 
106 111 112 112 121 121 121 
99 103 106 115 118 119 119 120 121 121 121 121 121 121 121 121 
100 113 120 120 121 121 121 121 121 121 121 121 
108 108 118 121 121 121 121 121 121 121 121 121 121 121 121 121 121 121 121 121 
97 
111 119 121 121 121 
112 112 112 119 121 121 
120 121 121 121 121 121 121 121 121 121 121 121 121 121 121 121 121 121 121 
118 119 121 121 121 121 121 121 121 121 121 121 121 121 121 121 121 
109 114 120 120 121 121 121 
97 101 102 115 117 118 
103 121 121 121 121 121 121 121 121 121 121 121 121 121 121 121 121 121 121 121 
119 120 121 121 121 121 121 
101 108 115 117 119 120 121 121 121 121 121 121 121 121 121 121 121 121 121 121 
111 112 118 119 119 120 121 121 121 121 
105 105 105 114 120 121 121 121 121 
110 112 112 121 121 121 121 121 121 121 121 121 121 121 121 
116 116 116 118 121 121 121 121 121 121 121 121 121 121 121 121 121 121 121 121 121 121 121 121 121 121 121 
104 113 113 120 120 120 120 121 121 121 121 121 121 121 121 121 121 121 121 121 121 
117 117 121 121 121 121 121 121 121 121 121 121 
112 119 121 121 121 121 121 121 121 121 
119 119 
108 116 116 119 120 120 120 121 121 121 121 121 121 121 121 121 121 121 121 121 
112 116 116 118 121 121 
115 118 119 120 120 120 121 121 121 121 121 121 121 121 121 121 121 121 121 121 121 121 121 121 121 121 121 
114 114 116 116 116 118 119 120 120 
100 109 121 121 121 121 121 121 121 121 121 121 121 121 121 121 121 121 121 121 121 121 121 121 121 
113 113 113 117 120 120 120 121 121 121 121 121 121 121 121 121 121 121 121 121 121 121 121 121 
104 105 106 117 120 120 120 121 121 
121 121 121 121 121 121 121 121 121 121 121 121 121 121 121 121 121 121 121 121 121 121 121 121 121 121 121 121 
106 110 116 
118 120 121 121 121 121 121 121 121 121 121 121 121 
107 119 119 121 121 121 121 121 121 121 121 121 121 121 121 121 121 
99 102 103 112 117 119 120 120 121 121 121 121 121 121 121 121 121 121 121 121 121 
98 98 101 108 117 
103 112 120 121 121 121 121 121 121 121 121 121 121 121 
103 109 117 120 121 121 121 121 121 121 121 121 121 121 
115 115 118 119 121 121 121 121 121 121 121 121 121 121 121 
115 120 121 121 121 121 121 121 
99 121 121 121 121 121 121 121 121 121 121 121 121 121 121 121 121 121 121 121 121 121 
101 119 120 120 120 120 120 120 121 121 121 121 121 121 121 121 121 121 121 121 121 
101 109 115 
98 107 116 116 120 120 121 121 121 121 121 121 121 121 121 121 
118 121 121 121 121 121 121 121 121 121 121 121 121 121 121 121 121 121 121 121 
118 120 120 121 121 121 121 121 121 121 121 121 121 121 121 121 121 121 121 121 
113 114 115 120 120 121 121 121 121 121 121 121 121 121 121 121 121 121 121 121 
105 111 114 114 119 120 120 120 121 121 121 121 121 121 121 121 121 121 121 121 121 121 121 
101 104 118 121 121 
112 115 118 119 120 121 121 121 121 121 121 121 121 121 121 121 
121 121 121 121 121 121 121 121 121 121 121 121 121 121 
119 119 119 120 120 120 120 121 121 
119 121 121 121 121 121 121 121 121 121 121 121 121 121 121 121 121 121 121 121 121 121 121 121 121 121 121 
99 121 121 121 121 121 121 121 121 121 121 121 
99 121 121 121 121 121 121 121 121 121 121 
110 118 121 121 121 121 121 121 121 121 121 121 121 121 121 121 121 121 121 121 121 121 121 121 121 121 121 121 121 
111 113 115 120 120 120 121 121 121 121 121 121 121 121 121 121 121 121 121 121 121 
107 107 118 120 120 121 121 121 121 121 121 121 121 121 121 121 121 121 121 121 
104 115 115 118 118 121 121 121 121 121 121 121 121 121 121 121 
98 109 109 109 111 113 113 121 121 121 121 121 121 121 121 121 121 121 121 121 121 
97 118 120 120 121 121 121 
118 119 119 121 121 121 121 121 121 121 121 121 121 121 121 121 121 121 121 121 121 121 121 121 121 121 121 121 121 
116 116 117 117 118 118 118 118 119 121 121 121 
121 121 121 121 121 121 121 121 121 121 121 121 121 121 121 121 121 121 121 121 121 121 121 
110 120 
105 110 112 117 118 119 119 120 121 121 121 121 121 121 121 121 121 121 121 121 121 121 121 121 121 
110 118 118 121 121 121 121 121 121 121 121 121 121 121 121 121 121 121 
97 116 117 118 118 119 119 121 121 121 121 121 121 121 121 121 121 121 121 121 121 
104 112 121 121 121 121 121 121 121 121 121 121 121 121 121 
104 120 121 121 121 121 121 121 121 121 121 121 121 121 121 121 121 121 121 121 121 121 121 121 121 121 121 
118 120 120 120 120 121 121 121 121 121 121 121 121 121 121 121 121 121 
118 120 
119 121 121 121 121 121 121 121 121 121 
116 121 121 121 121 121 121 121 121 121 121 121 121 121 121 
119 120 120 121 121 121 121 121 121 121 121 121 121 121 121 121 121 121 121 121 121 121 121 121 121 121 
107 109 118 118 118 119 121 121 121 121 121 121 121 121 121 121 121 121 121 121 121 121 
114 115 115 119 120 121 121 
100 111 121 121 121 
108 110 120 120 120 121 121 121 121 121 121 121 121 121 121 121 121 
114 115 120 121 121 121 121 121 121 121 121 
105 111 111 115 115 115 118 118 120 120 120 121 121 121 121 121 121 121 121 121 121 
118 121 121 121 121 121 121 121 121 121 121 121 121 121 121 121 121 121 121 
106 
98 117 121 121 121 121 121 121 121 121 121 121 
102 114 115 119 120 120 121 121 121 121 121 121 121 
105 110 115 
111 111 116 119 119 121 
111 116 120 121 121 121 121 121 121 121 121 121 121 121 121 121 121 121 121 121 121 121 121 
110 116 118 119 119 121 121 121 121 121 121 121 121 
114 117 117 120 120 121 121 121 121 
115 118 
97 114 116 121 121 121 121 121 121 121 
101 
116 119 119 121 121 121 121 121 121 121 121 121 121 121 121 121 121 121 121 121 121 121 121 121 121 121 
116 121 121 121 121 121 121 121 121 121 121 121 121 121 121 121 121 
113 113 115 118 118 120 121 121 121 121 121 121 121 121 121 121 121 121 121 121 121 121 121 121 121 121 
112 118 
100 119 121 121 121 121 121 121 121 121 121 121 121 121 
98 116 118 119 121 121 121 121 121 121 
113 119 119 121 121 121 121 121 121 121 121 121 
109 121 121 121 121 121 
112 119 121 121 121 121 121 121 121 121 121 121 121 121 121 121 121 121 121 121 121 121 121 121 121 121 121 
111 112 117 121 121 121 121 121 121 121 121 121 121 121 121 121 121 121 121 121 121 
119 120 120 120 120 121 
101 118 120 120 120 120 121 121 121 121 121 121 121 121 121 121 121 121 121 
106 117 118 121 
116 117 121 121 
120 120 121 121 121 121 121 121 121 121 121 121 121 121 121 121 121 121 121 121 
115 117 121 121 121 121 121 121 121 121 121 121 121 121 121 
118 118 120 121 121 
116 116 118 119 
118 119 119 121 
109 114 115 116 121 121 121 121 121 121 121 121 121 121 121 121 121 121 
116 119 119 
106 119 120 120 120 121 121 121 121 121 121 121 121 121 121 121 121 121 121 121 121 121 121 121 121 121 121 121 121 
114 118 120 121 121 121 121 121 121 121 121 121 121 121 121 121 121 121 121 121 121 
115 121 121 121 121 121 121 121 121 121 121 121 
108 117 119 121 121 121 121 121 121 
107 115 120 121 121 121 121 121 
117 121 121 
102 
110 115 118 119 120 120 121 121 121 121 121 121 121 121 121 121 121 121 121 121 121 121 121 121 121 121 121 121 
115 115 117 
107 112 118 120 121 121 121 121 121 121 121 121 121 121 121 121 121 121 121 121 121 121 
97 
108 110 112 112 119 120 121 121 121 121 121 121 121 121 121 121 
111 121 121 121 121 121 121 121 121 121 121 121 121 121 121 121 121 121 121 121 121 121 121 121 
98 101 113 116 118 118 119 121 121 121 121 121 121 121 121 121 
98 108 111 116 118 121 121 121 121 121 121 
102 102 106 112 117 120 121 121 121 121 121 121 121 121 121 121 121 121 121 121 121 121 
121 121 121 121 121 121 121 121 121 121 121 121 121 121 121 121 
110 117 118 118 120 120 
101 120 
116 116 118 120 
112 117 119 121 121 121 121 121 121 121 121 121 121 121 121 121 121 121 
114 116 117 118 121 121 121 121 121 121 121 121 121 121 121 
118 118 119 119 121 121 121 121 121 121 121 121 121 121 121 121 121 121 121 121 121 121 121 121 121 
106 108 117 119 121 121 121 121 121 121 121 121 121 121 121 121 121 121 121 121 121 121 121 121 121 121 
121 121 121 121 
119 119 120 120 121 121 121 121 121 121 121 121 121 
97 118 121 121 121 121 121 121 121 121 121 121 121 121 121 121 121 
114 120 120 120 121 121 121 121 121 121 121 121 121 121 121 121 121 121 121 121 
103 107 119 121 121 121 121 121 121 121 121 121 121 121 121 121 121 121 121 121 121 121 121 121 
98 114 118 119 119 119 120 121 121 121 121 121 121 121 121 121 121 121 121 121 121 
100 104 115 120 121 121 121 121 121 121 
108 111 114 115 118 120 120 121 121 121 121 121 121 121 121 121 121 121 121 121 121 121 121 121 121 121 121 121 
106 119 121 121 121 121 121 121 121 121 121 121 121 121 121 121 121 121 121 121 121 
118 121 121 121 121 
102 109 112 120 121 121 121 121 121 121 121 121 121 121 
97 109 115 117 118 121 121 121 121 121 121 121 121 
114 120 121 121 121 121 121 121 121 121 121 121 121 121 121 
100 110 
104 108 117 118 119 119 119 120 121 121 121 121 121 121 121 121 
111 115 120 120 121 121 121 121 121 121 121 121 121 121 121 121 121 121 121 121 121 121 121 121 121 
116 121 121 121 121 121 121 121 121 121 121 121 121 121 121 121 121 121 121 121 121 121 121 121 121 121 121 121 121 
108 120 120 120 120 120 120 120 
121 121 121 121 121 121 121 121 121 121 121 121 121 121 121 121 121 121 121 121 121 121 121 121 121 
115 119 120 120 121 121 121 121 121 
110 110 116 118 121 121 121 121 121 121 121 121 121 121 121 121 
121 121 121 121 121 121 121 121 121 121 121 121 121 
103 
114 121 121 121 121 121 121 121 121 121 121 121 121 121 121 121 121 121 121 121 121 121 
107 109 117 
103 105 105 115 118 118 120 121 
119 119 121 121 121 121 
98 99 119 119 121 121 121 121 121 121 121 121 121 121 121 121 121 121 121 121 121 121 121 121 121 121 
117 117 117 121 121 121 121 121 121 121 121 121 121 121 121 121 121 121 121 121 
107 113 121 121 121 121 121 121 121 121 121 121 121 121 121 121 
105 120 120 120 121 121 121 121 121 121 121 121 121 121 121 121 121 121 121 121 121 121 121 121 121 121 121 121 
106 121 121 121 121 121 121 121 121 121 121 121 121 121 121 121 121 121 121 121 121 121 121 
110 116 118 120 121 121 121 121 121 121 121 121 121 121 121 121 121 121 121 121 121 121 121 121 121 
114 118 
116 120 120 121 
110 111 121 121 121 121 121 121 121 121 121 121 121 121 121 121 121 121 121 121 121 121 121 121 121 121 121 121 121 
100 106 120 121 121 121 121 
97 106 120 120 120 120 121 121 121 121 121 121 121 121 121 121 121 121 121 121 121 121 121 
119 120 120 121 121 121 121 121 121 121 
111 113 121 121 121 121 121 121 121 121 121 121 121 121 121 121 121 121 
118 118 118 119 121 121 121 121 
113 113 117 119 119 120 120 121 121 121 121 121 121 121 121 121 121 121 121 121 121 121 121 121 121 121 121 121 121 
110 121 121 121 121 121 121 121 121 121 121 121 121 121 121 121 121 121 121 121 121 121 121 
101 121 121 121 121 121 121 121 121 121 
104 120 120 121 121 
109 118 121 121 121 121 121 121 
121 121 121 121 121 121 121 121 121 121 
98 116 121 121 121 121 121 121 121 121 121 121 121 121 121 121 121 121 121 121 121 121 121 
104 121 121 121 121 121 121 121 121 121 121 121 121 121 121 121 121 121 
106 108 110 114 118 121 121 121 121 121 121 121 121 121 121 
119 119 119 119 119 120 
115 116 121 121 121 121 121 
102 114 121 121 121 121 
107 109 115 117 117 121 121 121 121 121 121 121 121 121 
117 121 121 121 121 
119 119 120 121 121 121 121 121 121 121 121 121 121 121 121 121 121 
99 117 
98 106 117 119 121 121 121 121 121 121 121 121 
108 116 116 
102 115 116 117 121 121 121 121 121 121 121 121 121 121 121 121 121 121 121 121 121 
101 106 108 108 114 121 121 121 121 121 121 121 121 121 121 121 121 121 
119 121 121 121 121 121 121 121 121 121 121 
98 99 110 115 120 120 121 121 121 121 121 
110 116 117 119 119 120 120 
121 121 121 
112 119 121 121 121 121 121 121 121 121 121 121 121 121 121 121 121 121 121 121 
113 121 121 121 121 121 121 121 121 121 121 121 121 121 
115 116 116 117 121 121 121 121 121 121 121 121 121 121 121 121 121 121 
120 120 120 120 120 120 120 120 120 120 121 121 121 121 121 121 121 121 121 121 121 121 121 121 121 121 
98 105 110 110 117 120 121 121 121 121 121 121 121 121 121 121 121 121 121 121 121 121 121 121 121 121 121 121 121 
99 121 121 121 121 121 121 121 121 121 121 121 121 121 121 121 121 121 121 121 121 121 121 121 121 
97 108 112 113 119 120 121 121 121 121 121 121 121 121 121 
108 117 120 120 120 121 121 121 121 121 121 121 121 121 121 121 121 121 121 121 121 121 121 121 121 121 121 
114 117 121 121 121 
104 115 117 121 
118 120 121 121 121 121 121 121 
118 121 121 121 121 121 121 121 121 121 121 121 121 121 121 121 121 121 121 121 121 121 121 
114 116 120 121 121 121 121 121 121 121 121 121 121 
98 
115 118 119 121 121 121 121 121 121 121 121 121 121 121 121 121 121 121 
105 112 
101 114 118 118 121 121 121 121 121 121 121 121 121 121 121 121 
110 116 119 121 121 121 121 121 121 121 121 121 121 121 121 121 121 121 121 
109 120 120 121 121 121 121 121 121 121 121 121 121 121 121 121 121 121 121 121 121 121 
102 102 121 121 121 121 121 121 121 121 121 121 121 121 121 121 121 121 121 121 121 121 121 121 121 
103 112 121 121 121 121 121 121 121 121 121 121 121 121 121 
102 116 119 121 121 121 121 121 121 121 121 121 
120 120 121 121 121 121 121 121 121 121 121 121 121 121 121 121 121 121 121 121 121 121 121 121 121 121 121 
105 108 118 118 121 121 121 121 121 121 121 121 121 121 121 121 121 121 121 121 121 121 121 121 121 121 121 121 
109 121 121 121 121 121 121 121 121 121 121 121 121 121 121 121 121 
103 107 119 121 121 121 121 121 121 121 121 121 121 121 121 121 
116 118 121 121 121 121 121 121 121 121 121 121 121 121 121 121 121 121 121 121 
121 121 121 121 121 121 121 121 121 121 121 121 121 121 121 
120 121 121 121 121 121 121 121 121 121 121 121 121 121 121 121 121 121 121 121 121 121 121 121 121 121 121 121 
106 118 118 118 120 121 121 121 121 121 
100 104 104 115 118 118 121 121 121 121 121 121 121 
101 103 118 121 121 121 121 121 121 121 121 
107 121 121 121 121 121 121 121 121 121 121 121 121 121 121 121 
110 110 117 118 121 121 121 
114 114 119 121 121 121 121 121 121 121 121 121 121 121 121 121 121 121 121 121 121 121 121 121 121 121 121 
101 114 115 116 116 121 121 121 121 121 121 121 121 121 121 121 121 121 121 121 121 121 
100 100 106 117 120 121 121 
115 116 121 121 121 121 121 121 121 121 121 121 121 121 121 121 121 121 121 121 121 121 121 121 
99 99 99 103 105 107 116 119 119 120 121 121 121 121 121 
101 119 120 121 121 121 121 121 121 121 
118 121 121 121 121 121 121 121 121 121 121 121 121 121 121 121 121 121 121 121 121 121 121 121 
116 116 117 120 121 121 121 121 121 121 121 121 121 121 
101 109 120 120 120 120 120 121 121 121 121 121 121 121 121 121 121 121 121 121 121 121 121 121 121 121 121 121 121 
101 106 112 121 121 
98 107 107 117 118 120 120 121 
119 120 121 121 121 121 121 121 121 121 121 121 121 121 121 
119 120 120 120 120 120 120 121 121 121 121 121 121 121 121 121 121 121 
119 121 121 121 121 121 121 121 121 121 121 121 121 121 121 121 121 121 121 121 121 121 121 121 121 
121 121 121 121 121 121 121 121 121 121 121 121 121 121 121 121 121 121 121 121 121 121 121 121 121 121 121 121 
108 121 121 121 121 121 
121 121 121 121 121 121 121 121 121 121 121 121 121 121 121 121 121 121 121 121 121 121 121 121 121 121 121 121 
121 121 121 121 121 121 121 121 121 121 121 121 121 121 121 
101 120 120 121 121 121 121 121 121 121 121 121 121 121 121 121 121 121 121 121 121 121 
108 114 119 
118 121 121 121 121 121 121 121 121 
110 112 119 119 119 120 121 121 121 121 121 
98 98 115 119 120 120 120 120 120 121 121 121 
106 109 110 112 116 119 119 119 119 120 120 121 121 121 121 121 121 121 121 121 121 121 121 121 
111 117 119 119 120 120 120 121 121 121 121 121 121 121 121 121 121 121 121 121 121 121 121 121 
110 120 121 121 121 121 121 121 121 121 121 121 121 121 121 121 121 121 121 
104 116 120 121 121 121 121 121 121 121 121 121 
109 114 121 121 121 121 121 121 121 121 121 121 121 121 121 
106 118 119 120 120 121 121 121 121 121 121 121 121 121 121 121 121 121 121 121 121 121 121 121 121 121 121 121 
121 121 121 121 121 121 121 121 121 121 121 121 121 121 
99 116 117 117 120 120 121 121 121 121 121 121 121 121 121 121 121 121 
98 102 112 112 116 117 119 120 120 120 120 121 121 121 121 121 121 121 121 121 121 121 121 121 
101 103 105 108 109 112 117 117 121 121 121 121 121 
103 
115 119 120 121 121 121 121 121 121 121 121 121 121 121 121 121 121 121 121 121 
120 120 121 121 121 121 121 
98 108 114 120 121 121 121 121 121 121 121 121 121 121 121 121 121 121 121 121 121 121 121 121 121 121 121 121 
119 120 120 120 120 120 121 121 121 121 121 
100 
118 120 121 121 121 121 121 121 121 121 121 121 121 
121 121 121 121 121 121 121 121 121 121 121 121 121 121 121 121 121 121 121 121 121 121 
121 121 121 121 121 121 121 121 121 121 121 121 121 121 121 121 
107 113 120 120 120 120 120 120 121 121 121 121 121 121 121 121 121 121 121 121 121 121 121 
106 117 118 118 118 121 121 121 121 121 121 121 121 121 
103 104 120 121 
110 113 113 113 115 118 118 119 121 121 121 121 
120 121 121 121 121 121 121 121 121 121 121 121 
97 104 107 107 116 117 118 120 121 121 121 121 121 121 121 121 121 121 
104 107 112 114 116 116 116 119 121 121 121 121 121 121 121 121 121 121 121 121 121 121 121 121 121 121 121 
117 118 118 
115 116 118 121 121 121 121 121 121 121 121 121 121 121 121 121 121 121 121 121 121 121 121 121 121 121 121 121 121 
109 115 116 120 121 121 121 121 121 121 121 121 121 121 121 121 121 121 121 121 121 121 121 121 121 121 
104 116 116 119 120 121 
116 116 118 120 120 120 120 121 121 121 
105 121 121 121 121 121 
100 106 114 120 121 121 121 121 121 121 121 121 121 121 121 121 121 121 121 121 121 121 121 121 121 121 121 121 121 
118 120 120 120 120 120 120 121 121 121 
99 104 115 116 119 121 121 121 121 121 121 121 121 121 
103 108 121 121 121 121 121 121 121 121 121 121 121 121 121 121 121 121 121 121 
113 113 114 115 116 118 120 120 120 121 121 121 121 121 121 121 121 121 121 121 121 121 121 121 121 121 121 121 121 
97 100 118 
100 109 117 121 121 121 121 121 
105 119 119 119 119 
114 120 121 121 121 121 121 121 121 121 121 121 121 121 121 121 121 121 121 121 121 121 121 121 121 121 
111 118 120 120 120 121 121 121 
99 103 120 120 120 120 120 121 121 121 121 121 121 
118 120 121 121 121 121 121 121 121 121 121 121 121 121 121 121 121 121 121 121 121 121 
107 117 119 120 120 121 121 121 121 121 121 121 
114 121 121 121 121 121 121 121 121 121 121 121 121 121 
117 118 
109 115 121 121 121 121 121 121 121 121 121 121 121 121 121 121 121 
121 121 121 121 121 121 121 121 121 121 121 
111 118 118 119 120 120 120 121 121 121 121 121 121 121 121 121 121 121 121 121 121 121 121 
116 119 120 121 121 121 121 121 121 121 121 121 121 121 121 
121 121 121 121 121 121 121 121 121 121 121 121 121 121 121 121 
100 113 118 118 120 120 
114 115 116 121 121 121 121 121 121 121 121 121 121 121 121 121 121 121 121 121 121 121 121 121 121 121 121 
104 114 116 120 120 121 121 121 121 
113 115 115 117 117 121 121 121 121 121 121 121 121 121 
111 112 115 116 119 121 121 121 121 121 121 121 121 121 121 121 121 121 121 121 121 121 121 121 
112 115 119 120 121 121 121 121 121 121 121 121 121 121 121 121 121 121 121 121 
118 120 121 121 121 
100 120 121 121 121 121 
112 121 121 121 121 121 121 121 121 121 121 121 121 121 121 121 121 
117 119 119 121 121 121 121 121 121 121 121 121 121 121 121 121 121 121 121 121 121 121 121 121 121 121 121 121 
101 102 104 115 117 117 120 121 
119 121 121 121 121 121 121 121 121 121 121 121 121 121 121 121 121 121 121 121 121 121 121 121 121 121 121 121 
105 118 120 121 121 121 121 121 121 121 121 121 121 121 121 121 121 121 121 121 121 121 121 121 121 121 121 121 
108 111 113 114 117 121 121 121 121 121 121 121 121 121 121 121 121 121 
113 113 116 117 117 120 121 121 121 121 121 121 121 121 121 121 121 121 121 121 121 121 121 121 121 121 121 121 
120 121 121 121 121 121 121 
114 119 120 120 121 121 
110 121 121 121 121 121 121 121 121 121 121 121 121 121 121 121 121 121 121 121 121 121 121 121 121 
112 121 121 121 121 121 121 121 121 121 121 121 121 121 121 121 121 121 121 
108 111 121 121 121 121 
105 119 119 119 121 121 121 121 121 121 121 121 121 121 121 121 121 121 121 121 121 121 121 121 121 
102 116 119 119 120 121 
108 121 121 121 121 121 121 121 121 121 121 121 121 121 121 121 
119 120 121 121 121 121 121 121 121 121 121 121 121 121 121 121 121 121 121 121 121 121 
102 111 112 118 120 120 120 120 120 121 121 121 121 121 121 121 121 121 121 121 121 121 121 121 121 
110 121 121 121 121 121 121 121 121 121 121 
102 106 108 112 117 121 121 121 121 121 121 121 121 121 121 121 121 121 121 121 121 121 121 
99 106 110 120 
99 108 120 121 121 121 121 121 121 121 
121 121 121 
103 
101 115 120 
102 102 102 103 118 120 120 120 120 120 121 121 121 121 121 121 121 121 121 
120 120 120 120 121 121 121 121 121 121 121 121 121 121 121 121 
118 119 
102 109 121 121 121 121 121 121 121 121 121 121 121 121 121 121 121 121 121 121 121 
115 115 118 118 119 119 121 121 121 121 121 121 121 121 121 121 121 121 
114 116 116 121 121 
99 
115 116 119 119 119 119 119 120 120 121 121 121 121 
113 118 121 121 121 121 121 121 
99 110 
113 116 119 120 121 121 121 121 121 121 121 121 121 121 121 121 121 121 121 121 121 121 121 121 121 
117 118 118 120 120 121 121 121 121 121 121 121 121 121 121 121 121 
111 114 120 120 121 121 121 121 121 121 121 121 121 121 121 121 121 121 121 121 121 121 121 121 121 121 121 
102 109 112 121 121 121 121 121 
117 120 120 120 120 
119 119 119 120 121 121 121 121 121 121 121 121 121 121 121 121 121 121 121 121 121 121 121 121 
112 113 120 121 121 121 121 121 121 121 121 121 121 121 121 121 121 121 
108 120 121 
109 119 120 121 121 121 121 121 121 121 121 121 121 
117 119 119 121 121 121 121 121 121 121 121 121 121 121 121 121 121 121 121 121 121 121 121 121 121 121 121 121 121 
103 103 116 116 119 120 120 120 120 120 120 121 121 121 121 121 121 121 121 121 121 121 121 
109 115 115 120 121 121 121 121 121 121 121 121 121 121 121 121 121 121 121 
112 118 
105 110 110 113 120 121 121 121 121 121 121 121 
98 101 110 121 121 121 121 121 121 121 121 121 121 121 121 121 121 121 121 121 121 121 121 121 121 121 
110 111 118 121 121 121 121 121 121 121 121 121 121 121 121 121 121 121 121 121 121 121 121 
103 114 116 116 116 116 121 121 121 121 121 121 121 121 121 121 121 121 121 121 121 
99 112 119 120 121 121 121 121 121 121 121 121 121 121 121 121 121 121 121 121 121 
109 116 118 119 120 121 121 121 121 121 121 121 121 121 121 121 121 121 121 121 121 121 121 121 121 121 121 
107 116 118 118 120 121 121 121 121 121 121 121 121 121 121 
105 119 119 121 121 
99 105 112 117 120 120 121 121 121 121 121 121 121 121 121 121 121 121 121 121 121 121 
105 
117 121 121 121 121 121 121 121 121 121 121 121 121 121 121 121 121 121 121 121 121 121 121 121 121 121 121 121 121 
104 106 106 120 120 120 120 120 
110 121 121 121 121 121 121 121 121 121 121 121 121 
108 119 120 121 121 121 121 121 121 121 121 121 121 121 121 121 121 
121 121 121 121 121 121 
105 105 112 120 120 121 121 
119 119 121 121 121 121 121 121 121 121 121 121 121 121 121 121 121 121 121 121 121 121 
105 118 121 121 121 121 121 121 121 121 121 121 121 121 121 121 121 121 121 121 121 121 121 
110 117 117 119 121 121 121 121 121 121 121 121 121 121 121 121 121 
117 117 120 120 120 120 121 121 121 121 121 121 121 121 121 121 121 121 121 121 121 121 121 121 121 121 121 
109 116 118 118 120 120 
103 106 118 121 121 121 121 121 121 
112 115 121 121 121 121 121 121 121 121 121 121 121 121 121 121 121 121 121 121 121 121 121 
121 121 121 121 121 121 121 121 121 121 121 121 121 121 121 121 121 121 121 121 
108 121 121 121 121 121 121 121 121 121 121 121 121 121 121 121 121 
107 121 121 121 121 
109 114 117 120 121 121 121 121 121 
113 119 120 121 121 121 121 121 121 121 121 121 121 121 121 121 121 121 121 121 121 121 121 121 121 121 121 121 
116 117 118 120 120 120 120 120 120 121 121 121 121 121 121 121 121 121 121 121 121 
110 114 120 120 121 121 121 121 121 121 121 121 121 121 121 121 
100 116 120 120 120 121 121 121 121 121 121 121 121 121 121 121 
120 121 121 121 121 121 121 121 121 121 121 121 121 121 121 121 121 121 121 121 121 
109 114 121 121 121 121 121 121 121 
110 116 116 119 120 
111 120 
109 115 117 119 120 121 121 121 121 121 121 121 121 
97 119 121 121 121 121 121 121 121 121 121 121 121 121 121 121 121 121 121 121 121 121 121 121 121 121 121 
98 116 121 121 121 121 121 121 121 121 
120 121 121 121 121 121 121 121 121 121 121 121 121 121 121 121 121 121 121 121 121 121 121 121 121 121 
108 121 121 121 121 121 121 121 121 121 121 121 121 121 121 121 121 121 121 121 121 
107 107 116 117 120 121 121 121 121 121 121 121 121 121 121 121 121 
97 111 114 119 121 121 121 121 121 121 121 121 
120 
106 106 114 120 121 121 121 121 121 
103 106 120 120 
112 117 121 121 121 121 121 121 121 121 121 121 121 121 121 121 121 121 
98 120 121 121 121 121 121 121 
111 120 121 121 121 121 121 121 121 121 121 121 121 121 
121 121 121 121 121 121 
110 110 120 121 121 121 121 121 121 121 121 121 121 121 121 121 121 121 121 121 
109 119 121 121 121 121 121 121 121 121 
118 120 120 121 121 121 121 121 121 121 121 
113 119 119 120 121 121 121 121 121 121 121 
118 118 121 121 121 121 121 121 121 121 121 121 121 121 121 121 121 121 121 121 121 121 121 121 121 121 121 121 
102 111 115 118 120 121 121 121 121 121 121 121 121 121 121 121 121 121 121 121 
116 118 119 119 121 
106 113 117 118 120 120 121 121 121 121 121 121 121 121 121 121 121 121 121 121 121 121 121 121 121 121 121 121 
103 113 113 120 121 
107 112 117 120 121 121 121 121 121 121 121 121 121 121 121 121 121 121 121 121 121 121 121 
107 107 119 119 119 121 121 
121 121 121 121 121 121 121 121 121 121 121 121 121 121 121 121 121 121 121 121 121 121 
109 117 118 118 118 119 121 121 121 121 121 121 121 121 121 121 121 121 121 121 121 121 121 121 121 121 121 121 
116 
103 119 121 121 121 121 121 121 121 121 121 121 121 121 121 121 121 121 121 
120 
119 119 121 121 121 121 121 121 121 121 121 121 121 121 121 121 121 121 
114 120 
97 103 114 114 121 121 121 121 121 121 121 
100 119 121 121 121 121 121 121 121 121 121 121 121 121 121 121 121 121 121 121 121 121 121 121 121 
109 113 120 121 121 121 121 121 121 121 
120 121 121 121 121 121 121 121 121 121 121 121 121 121 121 121 121 121 
114 118 121 
119 120 120 121 121 121 121 121 121 121 121 121 121 121 121 121 121 121 121 121 121 121 121 
98 106 106 116 116 121 121 121 121 121 121 121 121 121 121 121 121 121 121 121 121 121 121 121 121 
106 119 120 121 121 121 121 
105 114 119 121 121 121 121 
103 116 119 121 121 121 121 121 121 121 121 121 121 121 121 121 121 121 121 121 
108 121 121 121 121 121 
114 121 121 121 121 121 121 121 121 121 121 121 121 121 121 121 121 121 121 121 121 121 121 121 121 121 121 121 
116 118 120 120 120 121 121 121 121 121 121 121 121 121 121 121 121 
107 120 
114 119 120 120 120 121 121 121 121 121 121 121 121 
116 119 121 121 121 121 121 121 121 121 121 121 121 121 121 121 121 121 121 121 121 
114 121 121 121 121 121 121 121 121 121 121 121 121 121 121 121 121 121 121 121 121 121 121 
114 118 119 119 121 121 121 121 121 121 121 121 121 
120 121 121 121 121 121 121 121 121 121 121 121 121 121 121 121 121 121 
111 116 120 120 120 121 121 121 121 121 121 121 121 121 121 121 121 
111 112 118 120 121 121 121 121 121 121 121 121 121 121 121 121 121 
112 115 119 
97 115 118 120 120 120 
106 117 120 120 120 120 120 120 120 121 121 121 121 121 121 121 121 121 121 121 121 121 121 121 121 121 121 121 121 
120 120 120 121 121 121 121 121 121 121 121 121 121 121 121 121 121 121 121 121 121 121 
118 118 121 121 121 121 121 121 121 121 121 
117 121 121 121 121 121 121 121 121 121 121 121 121 121 121 121 
111 116 118 119 119 121 121 121 121 121 121 121 121 121 121 121 
102 103 118 121 121 121 121 121 121 121 121 121 121 121 121 121 121 121 121 121 121 121 
99 110 112 113 114 120 120 121 121 121 121 121 121 121 121 121 121 121 121 121 121 121 
99 107 108 117 119 121 121 121 121 121 121 121 121 121 121 121 121 121 121 121 121 121 
119 121 121 121 
111 119 121 121 121 121 121 121 121 121 121 
116 121 121 121 121 121 121 121 121 121 121 121 121 121 121 121 121 
112 115 116 116 118 121 121 121 121 121 121 121 121 121 121 121 121 121 121 121 121 
110 116 116 117 120 120 
99 
120 
118 118 121 121 121 121 121 
107 110 116 120 120 120 121 
103 117 120 
106 107 108 121 121 121 121 121 121 121 121 121 121 121 121 121 121 121 121 121 121 121 121 121 121 121 121 121 121 
102 111 112 114 121 
101 107 110 120 120 120 120 120 120 120 120 121 121 121 121 121 121 121 121 121 121 121 121 121 121 
120 120 121 121 121 121 121 121 121 121 121 121 121 121 121 121 121 121 121 121 121 121 121 121 121 121 121 
114 117 119 121 121 121 121 121 121 121 121 121 121 121 121 121 121 121 121 121 121 121 121 121 121 121 121 121 
99 110 115 116 119 120 121 
118 119 120 120 120 121 121 121 121 121 121 121 121 121 121 121 121 121 121 121 121 
114 115 115 119 120 121 121 121 121 121 121 121 121 121 121 121 121 121 121 121 121 121 121 
116 118 119 120 120 121 121 121 121 121 121 121 121 121 121 121 121 121 121 121 121 121 
99 117 117 117 117 118 
103 106 115 115 115 116 117 118 119 121 121 121 121 121 121 121 121 121 121 
118 118 118 119 121 
99 114 121 121 121 121 121 121 121 121 121 121 121 121 121 121 121 121 121 121 121 121 
112 117 117 118 118 120 120 120 121 121 121 121 
118 119 119 119 121 121 121 121 121 121 121 
103 116 116 116 116 116 121 121 121 121 121 121 121 121 121 121 121 121 121 121 121 121 121 121 121 121 121 121 
118 118 118 120 120 120 121 121 121 121 121 121 121 121 121 121 121 121 121 
121 121 121 121 121 121 121 121 121 121 121 
103 111 121 121 121 
103 109 113 
113 121 121 
113 114 120 120 121 121 121 121 121 
100 114 116 118 121 121 121 121 121 121 121 121 121 121 121 121 121 121 121 121 121 121 121 121 121 121 121 
119 119 121 121 121 121 121 121 121 121 121 121 121 121 121 121 121 121 121 121 121 121 121 121 121 121 121 121 
112 120 120 120 121 121 121 121 121 121 121 121 121 121 121 121 121 121 121 121 121 121 
105 117 120 121 
110 116 119 120 120 120 120 121 121 121 121 121 121 121 
118 119 121 121 121 121 121 121 121 121 121 121 121 121 121 121 121 121 121 121 121 121 121 121 
106 119 121 121 121 121 121 121 121 121 121 121 121 121 121 121 121 121 121 121 121 121 121 
120 121 121 121 121 121 121 
110 112 119 119 121 121 121 121 121 121 121 121 121 121 121 121 121 121 121 121 121 121 121 121 
117 121 121 121 121 121 121 121 121 121 121 121 121 121 121 121 121 
105 119 120 
111 115 120 120 121 121 121 121 121 121 121 121 121 121 121 121 121 121 121 121 121 121 
117 118 120 121 121 121 121 121 121 121 121 121 121 121 121 121 121 121 121 121 121 121 121 121 121 121 121 
121 121 121 121 121 121 121 121 121 121 121 121 121 121 121 121 
115 117 121 121 121 121 121 121 121 121 121 121 121 
111 115 117 117 120 121 121 121 121 121 121 121 121 121 121 121 121 121 121 121 121 121 121 121 121 121 121 121 
104 113 121 121 121 121 121 121 121 121 121 121 121 121 121 121 121 121 121 
98 109 116 121 121 121 121 121 121 121 121 121 121 121 121 121 121 121 121 121 121 121 121 121 
121 121 121 121 121 121 121 121 121 121 121 121 121 121 121 121 121 121 121 121 121 121 121 121 121 121 121 121 
116 120 120 121 121 121 
117 118 118 120 121 121 121 121 121 121 121 121 121 121 121 121 
109 113 121 121 121 121 121 121 121 121 121 121 121 121 121 121 121 121 
101 103 112 116 
